     Algoritmo    Dataset % Restricciones Semilla   N° clústeres   Desviación general Infeasibility     Función objetivo Tiempo de ejecución (s)
           BCA       iris              10       1              3   0.6693049493711261           0.0   0.6693049493711261                 10.5550
           BCA       iris              10     112              3   0.6693049493711261           0.0   0.6693049493711261                  9.7993
           BCA       iris              10     241              3   0.6693049493711261           0.0   0.6693049493711261                 10.4336
           BCA       iris              10      27              3   0.6693049493711261           0.0   0.6693049493711261                 10.3689
           BCA       iris              10     472              3   0.6693049493711261           0.0   0.6693049493711261                 10.1418
           BCA       iris              20       1              3   0.6693049493711261           0.0   0.6693049493711261                 12.8202
           BCA       iris              20     112              3   0.6693049493711261           0.0   0.6693049493711261                  8.6540
           BCA       iris              20     241              3   0.6693049493711261           0.0   0.6693049493711261                  9.4500
           BCA       iris              20      27              3   0.6693049493711261           0.0   0.6693049493711261                  9.4151
           BCA       iris              20     472              3   0.6693049493711261           0.0   0.6693049493711261                  9.7227
           BCA       rand              10       1              3   0.7155992315238897           0.0   0.7155992315238897                  8.4783
           BCA       rand              10     112              3   0.7332192523042629           7.0   0.7896203266104401                  8.8114
           BCA       rand              10     241              3   0.7155992315238897           0.0   0.7155992315238897                 10.2102
           BCA       rand              10      27              3   0.7155992315238897           0.0   0.7155992315238897                  8.9970
           BCA       rand              10     472              3   0.7155992315238897           0.0   0.7155992315238897                  9.2097
           BCA       rand              20       1              3   0.7155992315238897           0.0   0.7155992315238897                  9.0188
           BCA       rand              20     112              3   0.7155992315238897           0.0   0.7155992315238897                 10.2908
           BCA       rand              20     241              3   0.7155992315238897           0.0   0.7155992315238897                 10.5303
           BCA       rand              20      27              3   0.7155992315238897           0.0   0.7155992315238897                  8.5609
           BCA       rand              20     472              3   0.7155992315238897           0.0   0.7155992315238897                  9.0467
           BCA      ecoli              10       1              8    22.20583821097205          71.0    24.11077779874746                209.4952
           BCA      ecoli              10     112              8     21.0825231821122         118.0    24.24847911672485                243.7638
           BCA      ecoli              10     241              8    21.33139085899239          79.0    23.45097152708052                243.4087
           BCA      ecoli              10      27              8   22.057071256363947          69.0   23.908350574061174                216.0729
           BCA      ecoli              10     472              8    21.92667441455062          58.0   23.482822246817857                249.9931
           BCA      ecoli              20       1              8   22.065216533206687         131.0     23.8225903782671                195.0446
           BCA      ecoli              20     112              8   21.891787324637445         132.0     23.6625762372174                224.0258
           BCA      ecoli              20     241              8   21.838614215421376         160.0   23.985025018548598                201.0442
           BCA      ecoli              20      27              8   22.004788876463127         141.0    23.89631339671899                225.4472
           BCA      ecoli              20     472              8   21.680999603445926         160.0   23.827410406573147                176.0925
           BCA newthyroid              10       1              3   10.895462136911602          97.0   14.480244745607255                 17.1545
           BCA newthyroid              10     112              3   13.834982364359718           6.0     14.0567214947945                 17.8326
           BCA newthyroid              10     241              3   13.834982364359718           6.0     14.0567214947945                 20.6343
           BCA newthyroid              10      27              3   13.834982364359716           6.0   14.056721494794498                 16.4246
           BCA newthyroid              10     472              3   13.834982364359718           6.0     14.0567214947945                 17.3076
           BCA newthyroid              20       1              3   10.871620896868427         235.0   15.213068408278989                 15.9561
           BCA newthyroid              20     112              3   14.287070556514763           0.0   14.287070556514763                 17.0123
           BCA newthyroid              20     241              3   14.287070556514763           0.0   14.287070556514763                 16.7077
           BCA newthyroid              20      27              3   14.287070556514763           0.0   14.287070556514763                 18.6956
           BCA newthyroid              20     472              3   14.287070556514761           0.0   14.287070556514761                 16.5607
