     Algoritmo    Dataset % Restricciones Semilla   N° clústeres   Desviación general Infeasibility     Función objetivo Tiempo de ejecución (s)
           BCA       iris              10       1              3   0.6693049493711261           0.0   0.6693049493711261                 51.0213
           BCA       iris              10     112              3   0.6719222988093118           5.0   0.7077325047179958                 47.2193
           BCA       iris              10     241              3   0.6693049493711261           0.0   0.6693049493711261                 47.4264
           BCA       iris              10      27              3   0.6771806646525842           7.0   0.7273149529247418                 53.0633
           BCA       iris              10     472              3   0.6701935423636481           7.0   0.7203278306358057                 52.8786
           BCA       iris              20       1              3   0.6787775413355461          12.0   0.7217305614697743                 46.6516
           BCA       iris              20     112              3   0.6914964240222947          52.0   0.8776261779372836                 48.3296
           BCA       iris              20     241              3   0.6693049493711261           0.0   0.6693049493711261                 50.9352
           BCA       iris              20      27              3   0.6811418302904169          33.0   0.7992626356595444                 50.4723
           BCA       iris              20     472              3   0.6693049493711261           0.0   0.6693049493711261                 51.3533
           BCA       rand              10       1              3   0.7155992315238897           0.0   0.7155992315238897                 51.0989
           BCA       rand              10     112              3     0.76879586047554          17.0   0.9057698980762563                 48.2505
           BCA       rand              10     241              3   0.7155992315238897           0.0   0.7155992315238897                 49.1670
           BCA       rand              10      27              3   0.7155992315238897           0.0   0.7155992315238897                 47.5950
           BCA       rand              10     472              3   0.7338515377486312           5.0   0.7741380193959007                 47.7029
           BCA       rand              20       1              3   0.7375340567839426          11.0   0.7818293587973654                 51.6965
           BCA       rand              20     112              3   0.7377124957099395          15.0   0.7981151802736979                 51.8388
           BCA       rand              20     241              3   0.7594169365856887          30.0   0.8802223057132055                 51.7359
           BCA       rand              20      27              3   0.7358602574821131          12.0   0.7841824051331199                 49.5934
           BCA       rand              20     472              3   0.7400306913812698          16.0    0.804460221582612                 49.0855
           BCA      ecoli              10       1              8    38.61340155339044        1204.0    70.91688414045512                 74.1366
           BCA      ecoli              10     112              8   40.424920075726874        1108.0     70.1527096990389                 76.8263
           BCA      ecoli              10     241              8    38.68387577436913        1137.0    69.18973931381475                 80.2239
           BCA      ecoli              10      27              8   39.703796728976876        1089.0    68.92181378654618                 77.1504
           BCA      ecoli              10     472              8    39.80894987094158        1130.0    70.12700246511358                 72.0386
           BCA      ecoli              20       1              8    39.11467966846877        2355.0    70.70716367699755                 65.0890
           BCA      ecoli              20     112              8     38.4916261011187        2586.0    73.18299070666241                 66.7753
           BCA      ecoli              20     241              8   36.904925654711306        2511.0    70.59016019628913                 64.6929
           BCA      ecoli              20      27              8    38.12398199598171        2226.0    67.98592229448917                 66.0967
           BCA      ecoli              20     472              8    39.33446720153705        2308.0    70.29644303664722                 65.1189
           BCA newthyroid              10       1              3   14.688616149019229          62.0   16.979920496845317                 44.3084
           BCA newthyroid              10     112              3   14.263137673314528         112.0   18.402268108097136                 42.1859
           BCA newthyroid              10     241              3    14.26535854098713         114.0      18.478402019248                 40.7058
           BCA newthyroid              10      27              3   14.079965080131169          99.0   17.738660732305082                 40.8967
           BCA newthyroid              10     472              3    14.52080555988205         117.0    18.84471860336031                 40.7832
           BCA newthyroid              20       1              3   15.840783255659122         137.0   18.371754783587832                 40.9463
           BCA newthyroid              20     112              3   13.979612897907671         282.0   19.189349911600345                 40.4482
           BCA newthyroid              20     241              3   14.525188926011433          88.0    16.15092246219922                 41.3400
           BCA newthyroid              20      27              3   12.854489384177608         279.0   18.008803663682063                 41.7206
           BCA newthyroid              20     472              3   13.686724309580148         446.0   21.926237458895514                 41.5880
