     Algoritmo    Dataset % Restricciones Semilla   N° clústeres   Desviación general Infeasibility     Función objetivo Tiempo de ejecución (s)
            ES       iris              10       1              3   0.6693049493711261             0   0.6693049493711261                  6.4617
            ES       iris              10     112              3   0.6693049493711261             0   0.6693049493711261                  4.8025
            ES       iris              10     241              3   0.6693049493711261             0   0.6693049493711261                  5.6918
            ES       iris              10      27              3   0.6693049493711261             0   0.6693049493711261                  4.2010
            ES       iris              10     472              3   0.6693049493711261             0   0.6693049493711261                  4.2591
            ES       iris              20       1              3   0.6693049493711261             0   0.6693049493711261                  3.7511
            ES       iris              20     112              3   0.6693049493711261             0   0.6693049493711261                  4.2603
            ES       iris              20     241              3   0.6693049493711261             0   0.6693049493711261                  5.7620
            ES       iris              20      27              3   0.6693049493711261             0   0.6693049493711261                  4.4270
            ES       iris              20     472              3   0.6693049493711261             0   0.6693049493711261                  4.5931
            ES       rand              10       1              3   0.7155992315238897             0   0.7155992315238897                  2.8073
            ES       rand              10     112              3   0.7155992315238897             0   0.7155992315238897                  1.7884
            ES       rand              10     241              3   0.7155992315238897             0   0.7155992315238897                  2.7071
            ES       rand              10      27              3   0.7155992315238897             0   0.7155992315238897                  2.3954
            ES       rand              10     472              3   0.7155992315238897             0   0.7155992315238897                  3.2177
            ES       rand              20       1              3   0.7155992315238897             0   0.7155992315238897                  1.6931
            ES       rand              20     112              3   0.7155992315238897             0   0.7155992315238897                  2.8335
            ES       rand              20     241              3   0.7155992315238897             0   0.7155992315238897                  1.7710
            ES       rand              20      27              3   0.7155992315238897             0   0.7155992315238897                  2.6936
            ES       rand              20     472              3   0.7155992315238897             0   0.7155992315238897                  2.3553
            ES      ecoli              10       1              8     21.6947843870962            82     23.8948554603016                 45.9376
            ES      ecoli              10     112              8   21.313523583227926           111   24.291668572566945                 47.8723
            ES      ecoli              10     241              8    21.22467786789285           104    24.01501191195824                 46.7862
            ES      ecoli              10      27              8   21.227605542137994           109   24.152090261398833                 32.7052
            ES      ecoli              10     472              8   22.243045576730076            78   24.335796109779118                 35.9573
            ES      ecoli              20       1              8   21.908028977877773           171    24.20200552371999                 45.9462
            ES      ecoli              20     112              8   21.907259315413498           172    24.21465092877526                 38.7908
            ES      ecoli              20     241              8   21.885091765115693           181   24.313218986153363                 36.2102
            ES      ecoli              20      27              8   21.882780226412606           160   24.029191029539827                 45.9199
            ES      ecoli              20     472              8   21.889752525858185           150   23.902012653789953                 48.1651
            ES newthyroid              10       1              3   10.873519998842271            96   14.421346085798792                  5.8282
            ES newthyroid              10     112              3   10.895462136911602            97   14.480244745607255                  5.5486
            ES newthyroid              10     241              3   13.834982364359718             6     14.0567214947945                  5.5236
            ES newthyroid              10      27              3   13.834982364359716             6   14.056721494794498                  5.3966
            ES newthyroid              10     472              3   13.834982364359718             6     14.0567214947945                  5.7570
            ES newthyroid              20       1              3   10.895306083824044           235   15.236753595234607                  6.0201
            ES newthyroid              20     112              3   14.287070556514763             0   14.287070556514763                 18.9053
            ES newthyroid              20     241              3   10.822378102775108           268    15.77347569025609                  5.6132
            ES newthyroid              20      27              3   14.287070556514763             0   14.287070556514763                 21.7459
            ES newthyroid              20     472              3   14.287070556514763             0   14.287070556514763                 25.7351
           BMB       iris              10       1              3   0.6693049493711261             0   0.6693049493711261                  3.7085
           BMB       iris              10     112              3   0.6693049493711261             0   0.6693049493711261                  3.6172
           BMB       iris              10     241              3   0.6693049493711261             0   0.6693049493711261                  3.8703
           BMB       iris              10      27              3   0.6693049493711261             0   0.6693049493711261                  3.8935
           BMB       iris              10     472              3   0.6693049493711261             0   0.6693049493711261                  3.7599
           BMB       iris              20       1              3   0.6693049493711261             0   0.6693049493711261                  3.3207
           BMB       iris              20     112              3   0.6693049493711261             0   0.6693049493711261                  3.3734
           BMB       iris              20     241              3   0.6693049493711261             0   0.6693049493711261                  3.2795
           BMB       iris              20      27              3   0.6693049493711261             0   0.6693049493711261                  3.3263
           BMB       iris              20     472              3   0.6693049493711261             0   0.6693049493711261                  3.1485
           BMB       rand              10       1              3   0.7155992315238897             0   0.7155992315238897                  3.2498
           BMB       rand              10     112              3   0.7155992315238897             0   0.7155992315238897                  3.3675
           BMB       rand              10     241              3   0.7155992315238897             0   0.7155992315238897                  3.2719
           BMB       rand              10      27              3   0.7155992315238897             0   0.7155992315238897                  3.2234
           BMB       rand              10     472              3   0.7155992315238897             0   0.7155992315238897                  3.3518
           BMB       rand              20       1              3   0.7155992315238897             0   0.7155992315238897                  3.3300
           BMB       rand              20     112              3   0.7155992315238897             0   0.7155992315238897                  3.2051
           BMB       rand              20     241              3   0.7155992315238897             0   0.7155992315238897                  3.1636
           BMB       rand              20      27              3   0.7155992315238897             0   0.7155992315238897                  3.2869
           BMB       rand              20     472              3   0.7155992315238897             0   0.7155992315238897                  3.0317
           BMB      ecoli              10       1              8   21.538152326260377           176   26.260256093140264                 54.7902
           BMB      ecoli              10     112              8   21.658414934759264           151   25.709765325661895                 54.4826
           BMB      ecoli              10     241              8   21.867527411137743           146    25.78472712684492                 55.1758
           BMB      ecoli              10      27              8   21.294228938833935           232   27.518820267902875                 57.1768
           BMB      ecoli              10     472              8   21.773374157871604           107   24.644198607054264                 59.7935
           BMB      ecoli              20       1              8     22.2063778125979           263    25.73454057023827                 56.5752
           BMB      ecoli              20     112              8    22.66440293624204           231   25.763283533256967                 58.7764
           BMB      ecoli              20     241              8   22.003228647092023           148   23.988658639984703                 58.6439
           BMB      ecoli              20      27              8   22.282554720694247           153    24.33506005118465                 54.9193
           BMB      ecoli              20     472              8   22.114299497059104           246   25.414406106867204                 57.2973
           BMB newthyroid              10       1              3   13.834982364359716             6   14.056721494794498                  6.5102
           BMB newthyroid              10     112              3   13.834982364359716             6   14.056721494794498                  6.2153
           BMB newthyroid              10     241              3   13.834982364359716             6   14.056721494794498                  7.1531
           BMB newthyroid              10      27              3   13.834982364359718             6     14.0567214947945                  7.9527
           BMB newthyroid              10     472              3   13.834982364359718             6     14.0567214947945                  8.8408
           BMB newthyroid              20       1              3   14.287070556514761             0   14.287070556514761                  6.3157
           BMB newthyroid              20     112              3   14.287070556514761             0   14.287070556514761                  6.4819
           BMB newthyroid              20     241              3   14.287070556514761             0   14.287070556514761                  6.7417
           BMB newthyroid              20      27              3   14.287070556514761             0   14.287070556514761                  7.8501
           BMB newthyroid              20     472              3   14.287070556514761             0   14.287070556514761                  6.6394
           ILS       iris              10       1              3   0.6693049493711261             0   0.6693049493711261                  1.7723
           ILS       iris              10     112              3   0.6693049493711261             0   0.6693049493711261                  1.8198
           ILS       iris              10     241              3   0.6693049493711261             0   0.6693049493711261                  1.8183
           ILS       iris              10      27              3   0.6693049493711261             0   0.6693049493711261                  2.1314
           ILS       iris              10     472              3   0.6693049493711261             0   0.6693049493711261                  1.5957
           ILS       iris              20       1              3   0.6693049493711261             0   0.6693049493711261                  1.7144
           ILS       iris              20     112              3   0.6693049493711261             0   0.6693049493711261                  2.4073
           ILS       iris              20     241              3   0.6693049493711261             0   0.6693049493711261                  2.4753
           ILS       iris              20      27              3   0.6693049493711261             0   0.6693049493711261                  2.2049
           ILS       iris              20     472              3   0.6693049493711261             0   0.6693049493711261                  2.1274
           ILS       rand              10       1              3   0.7155992315238897             0   0.7155992315238897                  1.8051
           ILS       rand              10     112              3   0.7155992315238897             0   0.7155992315238897                  1.6752
           ILS       rand              10     241              3   0.7155992315238897             0   0.7155992315238897                  1.7756
           ILS       rand              10      27              3   0.7155992315238897             0   0.7155992315238897                  1.9113
           ILS       rand              10     472              3   0.7155992315238897             0   0.7155992315238897                  1.7064
           ILS       rand              20       1              3   0.7155992315238897             0   0.7155992315238897                  1.8409
           ILS       rand              20     112              3   0.7155992315238897             0   0.7155992315238897                  1.6759
           ILS       rand              20     241              3   0.7155992315238897             0   0.7155992315238897                  1.6168
           ILS       rand              20      27              3   0.7155992315238897             0   0.7155992315238897                  1.7282
           ILS       rand              20     472              3   0.7155992315238897             0   0.7155992315238897                  1.5566
           ILS      ecoli              10       1              8   21.691550586059492            76    23.73064084903035                 44.4991
           ILS      ecoli              10     112              8   21.233280197008416            77   23.299200595018366                 45.5632
           ILS      ecoli              10     241              8   21.230885314803192            78   23.323635847852234                 45.4509
           ILS      ecoli              10      27              8   21.345621168518317            99   24.001804537388253                 44.0160
           ILS      ecoli              10     472              8   19.137464663688856           143   22.974173974278763                 44.8252
           ILS      ecoli              20       1              8    21.74731900546348           145   23.692503795797524                 50.6571
           ILS      ecoli              20     112              8    21.84256287427303           115    23.38529563902072                 47.9437
           ILS      ecoli              20     241              8    21.82318257770764           149   23.822027638119867                 48.6797
           ILS      ecoli              20      27              8   21.965712172553527           132   23.736501085133483                 49.1904
           ILS      ecoli              20     472              8    21.54856028772137           211    24.37913953434539                 50.3905
           ILS newthyroid              10       1              3   10.893693106242356            95   14.404562671459747                  4.5045
           ILS newthyroid              10     112              3   13.834982364359718             6     14.0567214947945                  3.4412
           ILS newthyroid              10     241              3   10.893693106242356            95   14.404562671459747                  5.0580
           ILS newthyroid              10      27              3   13.834982364359718             6     14.0567214947945                  4.2391
           ILS newthyroid              10     472              3   10.893693106242356            95   14.404562671459747                  5.3337
           ILS newthyroid              20       1              3   10.870556121849784           231   15.138106654342721                  4.3683
           ILS newthyroid              20     112              3   14.287070556514763             0   14.287070556514763                  3.9383
           ILS newthyroid              20     241              3   10.886442401267823           233   15.190941423219574                  3.3916
           ILS newthyroid              20      27              3   14.287070556514761             0   14.287070556514761                  3.4828
           ILS newthyroid              20     472              3   14.287070556514763             0   14.287070556514763                  3.3043
        ILS-ES       iris              10       1              3   0.6693049493711261             0   0.6693049493711261                 17.1601
        ILS-ES       iris              10     112              3   0.6693049493711261             0   0.6693049493711261                 17.5767
        ILS-ES       iris              10     241              3   0.6693049493711261             0   0.6693049493711261                 17.2113
        ILS-ES       iris              10      27              3   0.6693049493711261             0   0.6693049493711261                 17.1253
        ILS-ES       iris              10     472              3   0.6693049493711261             0   0.6693049493711261                 19.7201
        ILS-ES       iris              20       1              3   0.6693049493711261             0   0.6693049493711261                 17.7114
        ILS-ES       iris              20     112              3   0.6693049493711261             0   0.6693049493711261                 16.9242
        ILS-ES       iris              20     241              3   0.6693049493711261             0   0.6693049493711261                 17.5440
        ILS-ES       iris              20      27              3   0.6693049493711261             0   0.6693049493711261                 17.0886
        ILS-ES       iris              20     472              3   0.6693049493711261             0   0.6693049493711261                 18.3697
        ILS-ES       rand              10       1              3   0.7155992315238897             0   0.7155992315238897                 16.7302
        ILS-ES       rand              10     112              3   0.7155992315238897             0   0.7155992315238897                 15.9456
        ILS-ES       rand              10     241              3   0.7155992315238897             0   0.7155992315238897                 15.9048
        ILS-ES       rand              10      27              3   0.7155992315238897             0   0.7155992315238897                 15.7956
        ILS-ES       rand              10     472              3   0.7155992315238897             0   0.7155992315238897                 15.6054
        ILS-ES       rand              20       1              3   0.7155992315238897             0   0.7155992315238897                 16.9574
        ILS-ES       rand              20     112              3   0.7155992315238897             0   0.7155992315238897                 16.3065
        ILS-ES       rand              20     241              3   0.7155992315238897             0   0.7155992315238897                 17.0720
        ILS-ES       rand              20      27              3   0.7155992315238897             0   0.7155992315238897                 16.9531
        ILS-ES       rand              20     472              3   0.7155992315238897             0   0.7155992315238897                 16.5632
        ILS-ES      ecoli              10       1              8    44.91854374657509          1746    91.76395952482669                 12.1609
        ILS-ES      ecoli              10     112              8   45.504795444550474          1709    91.35749622635574                 13.1511
        ILS-ES      ecoli              10     241              8    45.35431646993875          1718    91.44848846709583                 12.4168
        ILS-ES      ecoli              10      27              8   45.445456212711576          1740    92.12989118072863                 11.6280
        ILS-ES      ecoli              10     472              8   45.569142681953295          1722    91.77063521926672                 11.0254
        ILS-ES      ecoli              20       1              8    45.46953129730124          3514    92.61007856098283                 12.3595
        ILS-ES      ecoli              20     112              8   45.581448930630295          3508    92.64150578919461                 13.1444
        ILS-ES      ecoli              20     241              8    45.64348014400916          3514    92.78402740769076                 13.2786
        ILS-ES      ecoli              20      27              8     45.0773883472338          3536     92.5130670963454                 12.4514
        ILS-ES      ecoli              20     472              8    45.17086542012352          3488    91.96262092829694                 13.0285
        ILS-ES newthyroid              10       1              3   13.086417795764449          1100   53.738591708807924                  2.9533
        ILS-ES newthyroid              10     112              3   13.114275988243927          1086    53.24905859693958                  2.8373
        ILS-ES newthyroid              10     241              3   13.102683807526404          1088    53.31137945970032                  3.1527
        ILS-ES newthyroid              10      27              3   13.161267601798315          1078   53.000398036580926                  3.1692
        ILS-ES newthyroid              10     472              3   13.131334512332323          1074    52.82263886015841                  3.3971
        ILS-ES newthyroid              20       1              3   12.769046015117109          2213    53.65254960129403                  3.2223
        ILS-ES newthyroid              20     112              3   12.888250685395313          2209   53.697857292654604                  3.1170
        ILS-ES newthyroid              20     241              3   12.870657613589998          2221    53.90195515760217                  3.4116
        ILS-ES newthyroid              20      27              3   13.308526787226246          2201    53.97033943665028                  3.4788
        ILS-ES newthyroid              20     472              3   13.078987840141355          2230    54.27655358671818                  2.9914
