     Algoritmo    Dataset % Restricciones Semilla   N° clústeres   Desviación general Infeasibility     Función objetivo Tiempo de ejecución (s)
            BL       iris              10       1              3   0.6693049493711261             0   0.6693049493711261                  0.2653
            BL       iris              20       1              3   0.6693049493711261             0   0.6693049493711261                  0.2902
            BL       rand              10       1              3   0.7155992315238897             0   0.7155992315238897                  0.2909
            BL       rand              20       1              3   0.7155992315238897             0   0.7155992315238897                  0.2353
            BL      ecoli              10       1              8    22.03054958641115            52   23.425716608443846                 12.6375
            BL      ecoli              20       1              8   21.912323879376522           161    24.07214975002329                  8.4504
            BL newthyroid              10       1              3   10.895306083824044            99   14.554001735997957                  0.7177
            BL newthyroid              20       1              3   14.287070556514763             0   14.287070556514763                  0.6222
            ES       iris              10       1              3   0.6693049493711261             0   0.6693049493711261                  2.2932
            ES       iris              20       1              3   0.6693049493711261             0   0.6693049493711261                  1.4474
            ES       rand              10       1              3   0.7155992315238897             0   0.7155992315238897                  2.4388
            ES       rand              20       1              3   0.7155992315238897             0   0.7155992315238897                  1.3073
            ES      ecoli              10       1              8   22.241982367245647            74   24.227412360138327                 18.4072
            ES      ecoli              20       1              8   21.713052925287663           174   24.047274673688516                 18.9608
            ES newthyroid              10       1              3    10.88908399598852            98   14.510823126423302                  1.8392
            ES newthyroid              20       1              3   10.814738249852924           251   15.451773676933993                  1.7931
           BMB       iris              10       1              3   0.6693049493711261             0   0.6693049493711261                  3.3339
           BMB       iris              20       1              3   0.6693049493711261             0   0.6693049493711261                  3.2345
           BMB       rand              10       1              3   0.7155992315238897             0   0.7155992315238897                  3.3504
           BMB       rand              20       1              3   0.7155992315238897             0   0.7155992315238897                  2.9180
           BMB      ecoli              10       1              8   21.570550933378243           192   26.721936860883574                 54.4425
           BMB      ecoli              20       1              8   23.651919585066995           192    26.22761254881966                 55.2068
           BMB newthyroid              10       1              3   13.834982364359716             6   14.056721494794498                  6.4644
           BMB newthyroid              20       1              3   14.287070556514763             0   14.287070556514763                  6.3914
           ILS       iris              10       1              3   0.6693049493711261             0   0.6693049493711261                  1.6067
           ILS       iris              20       1              3   0.6693049493711261             0   0.6693049493711261                  1.7014
           ILS       rand              10       1              3   0.7155992315238897             0   0.7155992315238897                  1.5989
           ILS       rand              20       1              3   0.7155992315238897             0   0.7155992315238897                  1.9165
           ILS      ecoli              10       1              8   21.691550586059492            76    23.73064084903035                 45.9523
           ILS      ecoli              20       1              8    21.74731900546348           145   23.692503795797524                 45.1618
           ILS newthyroid              10       1              3   10.893693106242356            95   14.404562671459747                  3.6934
           ILS newthyroid              20       1              3   10.870556121849784           231   15.138106654342721                  3.6333
        ILS-ES       iris              10       1              3   0.6693049493711261             0   0.6693049493711261                 11.6292
        ILS-ES       iris              20       1              3   0.6693049493711261             0   0.6693049493711261                 11.8487
        ILS-ES       rand              10       1              3   0.7155992315238897             0   0.7155992315238897                 10.0608
        ILS-ES       rand              20       1              3   0.7155992315238897             0   0.7155992315238897                 10.2339
        ILS-ES      ecoli              10       1              8   28.297272376297308           253    35.08529654118715                 31.1184
        ILS-ES      ecoli              20       1              8   26.389115695754654           623    34.74670276043127                 30.9444
        ILS-ES newthyroid              10       1              3   13.834982364359718             6     14.0567214947945                 18.3324
        ILS-ES newthyroid              20       1              3   14.287070556514763             0   14.287070556514763                 20.3419
        ILS-ES       iris              10       1              3   0.6693049493711261             0   0.6693049493711261                  3.7027
        ILS-ES       iris              20       1              3   0.6693049493711261             0   0.6693049493711261                  3.2243
        ILS-ES       rand              10       1              3   0.7155992315238897             0   0.7155992315238897                  2.9280
        ILS-ES       rand              20       1              3   0.7155992315238897             0   0.7155992315238897                  3.1439
        ILS-ES      ecoli              10       1              8    22.46878503558961            81   24.642025973755924                 53.5319
        ILS-ES      ecoli              20       1              8    22.49953237000686           177   24.873999320966348                 50.8234
        ILS-ES newthyroid              10       1              3   10.895462136911602            97   14.480244745607255                 10.2674
        ILS-ES newthyroid              20       1              3   14.287070556514763             0   14.287070556514763                  6.5551
