     Algoritmo    Dataset % Restricciones Semilla   N° clústeres   Desviación general Infeasibility     Función objetivo Tiempo de ejecución (s)
            ES       iris              10       1              3   0.6693049493711261             0   0.6693049493711261                  2.2895
            ES       iris              10     112              3   0.6693049493711261             0   0.6693049493711261                  2.7373
            ES       iris              10     241              3   0.6693049493711261             0   0.6693049493711261                  3.3176
            ES       iris              10      27              3   0.6693049493711261             0   0.6693049493711261                  2.0385
            ES       iris              10     472              3   0.6693049493711261             0   0.6693049493711261                  2.0116
            ES       iris              20       1              3   0.6693049493711261             0   0.6693049493711261                  1.5253
            ES       iris              20     112              3   0.6693049493711261             0   0.6693049493711261                  1.8880
            ES       iris              20     241              3   0.6693049493711261             0   0.6693049493711261                  2.0103
            ES       iris              20      27              3   0.6693049493711261             0   0.6693049493711261                  1.8230
            ES       iris              20     472              3   0.6693049493711261             0   0.6693049493711261                  2.8109
            ES       rand              10       1              3   0.7155992315238897             0   0.7155992315238897                  2.5899
            ES       rand              10     112              3   0.7155992315238897             0   0.7155992315238897                  1.0933
            ES       rand              10     241              3   0.7155992315238897             0   0.7155992315238897                  1.6978
            ES       rand              10      27              3   0.7155992315238897             0   0.7155992315238897                  1.7605
            ES       rand              10     472              3   0.7155992315238897             0   0.7155992315238897                  1.2991
            ES       rand              20       1              3   0.7155992315238897             0   0.7155992315238897                  1.4163
            ES       rand              20     112              3   0.7155992315238897             0   0.7155992315238897                  1.6227
            ES       rand              20     241              3   0.7155992315238897             0   0.7155992315238897                  1.3642
            ES       rand              20      27              3   0.7155992315238897             0   0.7155992315238897                  1.2613
            ES       rand              20     472              3   0.7155992315238897             0   0.7155992315238897                  2.0248
            ES      ecoli              10       1              8   22.241982367245647            74   24.227412360138327                 19.1766
            ES      ecoli              10     112              8    22.16872572230899            74    24.15415571520167                 12.5676
            ES      ecoli              10     241              8   21.811513857966638            96   24.387206821719303                  9.5204
            ES      ecoli              10      27              8   21.238875207134765           127   24.646302357099227                 14.6486
            ES      ecoli              10     472              8    22.18433424785479            67   23.981953295473836                 10.8932
            ES      ecoli              20       1              8   21.713052925287663           174   24.047274673688516                 19.9683
            ES      ecoli              20     112              8    21.90493119909133           163   24.091587204777184                 15.0319
            ES      ecoli              20     241              8    21.83722394896571           179    24.23852103496429                 22.8073
            ES      ecoli              20      27              8   21.902598537753235           196    24.53195177158408                 22.6004
            ES      ecoli              20     472              8   21.901041393739554           171    24.19501793958177                 11.7899
            ES newthyroid              10       1              3    10.88908399598852            98   14.510823126423302                  1.8292
            ES newthyroid              10     112              3   10.895462136911602            97   14.480244745607255                  1.2085
            ES newthyroid              10     241              3   10.822378102775108           115   15.072378102775108                  1.2372
            ES newthyroid              10      27              3   10.895462136911602            97   14.480244745607255                  1.7148
            ES newthyroid              10     472              3   13.834982364359718             6     14.0567214947945                  1.2490
            ES newthyroid              20       1              3   10.814738249852924           251   15.451773676933993                  1.7912
            ES newthyroid              20     112              3   14.287070556514763             0   14.287070556514763                  6.8797
            ES newthyroid              20     241              3   14.287070556514761             0   14.287070556514761                  4.3520
            ES newthyroid              20      27              3   14.287070556514763             0   14.287070556514763                  3.3719
            ES newthyroid              20     472              3   14.287070556514763             0   14.287070556514763                  4.8985
           BMB       iris              10       1              3   0.6693049493711261             0   0.6693049493711261                  3.2891
           BMB       iris              10     112              3   0.6693049493711261             0   0.6693049493711261                  3.2691
           BMB       iris              10     241              3   0.6693049493711261             0   0.6693049493711261                  3.6021
           BMB       iris              10      27              3   0.6693049493711261             0   0.6693049493711261                  3.5876
           BMB       iris              10     472              3   0.6693049493711261             0   0.6693049493711261                  3.1741
           BMB       iris              20       1              3   0.6693049493711261             0   0.6693049493711261                  3.1751
           BMB       iris              20     112              3   0.6693049493711261             0   0.6693049493711261                  3.6903
           BMB       iris              20     241              3   0.6693049493711261             0   0.6693049493711261                  3.5562
           BMB       iris              20      27              3   0.6693049493711261             0   0.6693049493711261                  3.4789
           BMB       iris              20     472              3   0.6693049493711261             0   0.6693049493711261                  3.3020
           BMB       rand              10       1              3   0.7155992315238897             0   0.7155992315238897                  3.3613
           BMB       rand              10     112              3   0.7155992315238897             0   0.7155992315238897                  3.2011
           BMB       rand              10     241              3   0.7155992315238897             0   0.7155992315238897                  3.1729
           BMB       rand              10      27              3   0.7155992315238897             0   0.7155992315238897                  3.6312
           BMB       rand              10     472              3   0.7155992315238897             0   0.7155992315238897                  3.3216
           BMB       rand              20       1              3   0.7155992315238897             0   0.7155992315238897                  3.0724
           BMB       rand              20     112              3   0.7155992315238897             0   0.7155992315238897                  3.0856
           BMB       rand              20     241              3   0.7155992315238897             0   0.7155992315238897                  2.9176
           BMB       rand              20      27              3   0.7155992315238897             0   0.7155992315238897                  2.9147
           BMB       rand              20     472              3   0.7155992315238897             0   0.7155992315238897                  3.0181
           BMB      ecoli              10       1              8   21.570550933378243           192   26.721936860883574                 55.2572
           BMB      ecoli              10     112              8    22.56862769901698           129   26.029715119059624                 55.3706
           BMB      ecoli              10     241              8   21.547060585371423           144    25.41060003100042                 57.3093
           BMB      ecoli              10      27              8   21.712068611246043           116   24.824364275780514                 57.1828
           BMB      ecoli              10     472              8   21.829382228248377           158   26.068543564424637                 57.6536
           BMB      ecoli              20       1              8   23.651919585066995           192    26.22761254881966                 58.6151
           BMB      ecoli              20     112              8   22.925662173721175           173   25.246468854602483                 56.6423
           BMB      ecoli              20     241              8   21.774474667938232           180   24.189186821456357                 56.4979
           BMB      ecoli              20      27              8   21.959762567674233           157    24.06592816824282                 57.8353
           BMB      ecoli              20     472              8   22.306352414503397           185   24.788139905619246                 56.6597
           BMB newthyroid              10       1              3   13.834982364359716             6   14.056721494794498                  6.3519
           BMB newthyroid              10     112              3   13.834982364359716             6   14.056721494794498                  6.1749
           BMB newthyroid              10     241              3   13.834982364359716             6   14.056721494794498                  6.5757
           BMB newthyroid              10      27              3   13.834982364359716             6   14.056721494794498                  6.2115
           BMB newthyroid              10     472              3   13.834982364359716             6   14.056721494794498                  6.4880
           BMB newthyroid              20       1              3   14.287070556514763             0   14.287070556514763                  5.9911
           BMB newthyroid              20     112              3   14.287070556514761             0   14.287070556514761                  6.1399
           BMB newthyroid              20     241              3   14.287070556514761             0   14.287070556514761                  6.0189
           BMB newthyroid              20      27              3   14.287070556514761             0   14.287070556514761                  6.4389
           BMB newthyroid              20     472              3   14.287070556514761             0   14.287070556514761                  6.5583
           ILS       iris              10       1              3   0.6693049493711261             0   0.6693049493711261                  1.5706
           ILS       iris              10     112              3   0.6693049493711261             0   0.6693049493711261                  1.8779
           ILS       iris              10     241              3   0.6693049493711261             0   0.6693049493711261                  1.9617
           ILS       iris              10      27              3   0.6693049493711261             0   0.6693049493711261                  2.0199
           ILS       iris              10     472              3   0.6693049493711261             0   0.6693049493711261                  1.9173
           ILS       iris              20       1              3   0.6693049493711261             0   0.6693049493711261                  1.8247
           ILS       iris              20     112              3   0.6693049493711261             0   0.6693049493711261                  2.0593
           ILS       iris              20     241              3   0.6693049493711261             0   0.6693049493711261                  2.0408
           ILS       iris              20      27              3   0.6693049493711261             0   0.6693049493711261                  1.7376
           ILS       iris              20     472              3   0.6693049493711261             0   0.6693049493711261                  2.0923
           ILS       rand              10       1              3   0.7155992315238897             0   0.7155992315238897                  1.9096
           ILS       rand              10     112              3   0.7155992315238897             0   0.7155992315238897                  1.6462
           ILS       rand              10     241              3   0.7155992315238897             0   0.7155992315238897                  1.7282
           ILS       rand              10      27              3   0.7155992315238897             0   0.7155992315238897                  1.7097
           ILS       rand              10     472              3   0.7155992315238897             0   0.7155992315238897                  1.6496
           ILS       rand              20       1              3   0.7155992315238897             0   0.7155992315238897                  1.7581
           ILS       rand              20     112              3   0.7155992315238897             0   0.7155992315238897                  1.6405
           ILS       rand              20     241              3   0.7155992315238897             0   0.7155992315238897                  1.5240
           ILS       rand              20      27              3   0.7155992315238897             0   0.7155992315238897                  1.8995
           ILS       rand              20     472              3   0.7155992315238897             0   0.7155992315238897                  1.9205
           ILS      ecoli              10       1              8   21.691550586059492            76    23.73064084903035                 47.3269
           ILS      ecoli              10     112              8   21.233280197008416            77   23.299200595018366                 48.6782
           ILS      ecoli              10     241              8   21.230885314803192            78   23.323635847852234                 50.5432
           ILS      ecoli              10      27              8   21.345621168518317            99   24.001804537388253                 48.6933
           ILS      ecoli              10     472              8   19.137464663688856           143   22.974173974278763                 46.4303
           ILS      ecoli              20       1              8    21.74731900546348           145   23.692503795797524                 45.4871
           ILS      ecoli              20     112              8    21.84256287427303           115    23.38529563902072                 44.3291
           ILS      ecoli              20     241              8    21.82318257770764           149   23.822027638119867                 46.2898
           ILS      ecoli              20      27              8   21.965712172553527           132   23.736501085133483                 43.3469
           ILS      ecoli              20     472              8    21.54856028772137           211    24.37913953434539                 47.0593
           ILS newthyroid              10       1              3   10.893693106242356            95   14.404562671459747                  3.2685
           ILS newthyroid              10     112              3   13.834982364359718             6     14.0567214947945                  3.0435
           ILS newthyroid              10     241              3   10.893693106242356            95   14.404562671459747                  3.5717
           ILS newthyroid              10      27              3   13.834982364359718             6     14.0567214947945                  3.3348
           ILS newthyroid              10     472              3   10.893693106242356            95   14.404562671459747                  3.8347
           ILS newthyroid              20       1              3   10.870556121849784           231   15.138106654342721                  3.6092
           ILS newthyroid              20     112              3   14.287070556514763             0   14.287070556514763                  3.2881
           ILS newthyroid              20     241              3   10.886442401267823           233   15.190941423219574                  3.0174
           ILS newthyroid              20      27              3   14.287070556514761             0   14.287070556514761                  3.3929
           ILS newthyroid              20     472              3   14.287070556514763             0   14.287070556514763                  3.1739
        ILS-ES       iris              10       1              3   0.6693049493711261             0   0.6693049493711261                 10.1528
        ILS-ES       iris              10     112              3   0.6693049493711261             0   0.6693049493711261                 10.7979
        ILS-ES       iris              10     241              3   0.6693049493711261             0   0.6693049493711261                  9.8757
        ILS-ES       iris              10      27              3   0.6693049493711261             0   0.6693049493711261                  9.6453
        ILS-ES       iris              10     472              3   0.6693049493711261             0   0.6693049493711261                  9.7413
        ILS-ES       iris              20       1              3   0.6693049493711261             0   0.6693049493711261                  9.8151
        ILS-ES       iris              20     112              3   0.6693049493711261             0   0.6693049493711261                 10.1783
        ILS-ES       iris              20     241              3   0.6693049493711261             0   0.6693049493711261                 10.2750
        ILS-ES       iris              20      27              3   0.6693049493711261             0   0.6693049493711261                  9.5372
        ILS-ES       iris              20     472              3   0.6693049493711261             0   0.6693049493711261                  9.0489
        ILS-ES       rand              10       1              3   0.7155992315238897             0   0.7155992315238897                  9.0064
        ILS-ES       rand              10     112              3   0.7155992315238897             0   0.7155992315238897                 10.4802
        ILS-ES       rand              10     241              3   0.7155992315238897             0   0.7155992315238897                 10.8234
        ILS-ES       rand              10      27              3   0.7155992315238897             0   0.7155992315238897                 10.1271
        ILS-ES       rand              10     472              3   0.7155992315238897             0   0.7155992315238897                  9.2924
        ILS-ES       rand              20       1              3   0.7155992315238897             0   0.7155992315238897                  9.2077
        ILS-ES       rand              20     112              3   0.7155992315238897             0   0.7155992315238897                  9.6014
        ILS-ES       rand              20     241              3   0.7155992315238897             0   0.7155992315238897                 11.5119
        ILS-ES       rand              20      27              3   0.7155992315238897             0   0.7155992315238897                 11.4692
        ILS-ES       rand              20     472              3   0.7155992315238897             0   0.7155992315238897                 12.1055
        ILS-ES      ecoli              10       1              8   28.297272376297308           253    35.08529654118715                 31.8317
        ILS-ES      ecoli              10     112              8   24.295659563964158           325    33.01545345166849                 29.7322
        ILS-ES      ecoli              10     241              8   26.356693205123904           288     34.0837720963819                 27.6875
        ILS-ES      ecoli              10      27              8    27.43597354458163           299   35.458183921269615                 27.4373
        ILS-ES      ecoli              10     472              8   27.898011422905277           306     36.1080327448669                 27.2708
        ILS-ES      ecoli              20       1              8   26.389115695754654           623    34.74670276043127                 28.8222
        ILS-ES      ecoli              20     112              8    26.13157146964561           487    32.66470935166409                 28.6532
        ILS-ES      ecoli              20     241              8    27.51794067162624           428   33.259589569991554                 28.4102
        ILS-ES      ecoli              20      27              8   26.868924808160923           524    33.89842018840257                 30.1308
        ILS-ES      ecoli              20     472              8     25.5349499057678           433    31.34367414173084                 29.5065
        ILS-ES newthyroid              10       1              3   13.834982364359718             6     14.0567214947945                 18.5504
        ILS-ES newthyroid              10     112              3   13.834982364359718             6     14.0567214947945                 15.6535
        ILS-ES newthyroid              10     241              3   13.834982364359718             6     14.0567214947945                 18.0147
        ILS-ES newthyroid              10      27              3   13.834982364359718             6     14.0567214947945                 16.5274
        ILS-ES newthyroid              10     472              3   13.834982364359718             6     14.0567214947945                 17.6229
        ILS-ES newthyroid              20       1              3   14.287070556514763             0   14.287070556514763                 19.6875
        ILS-ES newthyroid              20     112              3   14.287070556514763             0   14.287070556514763                 17.5116
        ILS-ES newthyroid              20     241              3   14.287070556514763             0   14.287070556514763                 17.9033
        ILS-ES newthyroid              20      27              3   14.287070556514763             0   14.287070556514763                 18.4408
        ILS-ES newthyroid              20     472              3   14.287070556514763             0   14.287070556514763                 21.5846
