        AGG-UN       iris              10       1              3   0.6693049493711261           0.0   0.6693049493711261                 26.4873
        AGG-SF       iris              10       1              3   0.6693049493711261           0.0   0.6693049493711261                 29.8117
        AGG-UN       iris              10     112              3   0.6693049493711261           0.0   0.6693049493711261                 27.5531
        AGG-SF       iris              10     112              3   0.6693049493711261           0.0   0.6693049493711261                 28.8057
        AGG-UN       iris              10     241              3   0.6693049493711261           0.0   0.6693049493711261                 26.2595
        AGG-SF       iris              10     241              3   0.6693049493711261           0.0   0.6693049493711261                 29.8325
        AGG-UN       iris              10      27              3   0.6693049493711261           0.0   0.6693049493711261                 26.6877
        AGG-SF       iris              10      27              3   0.6693049493711261           0.0   0.6693049493711261                 28.9584
        AGG-UN       iris              10     472              3   0.6693049493711261           0.0   0.6693049493711261                 27.5440
        AGG-SF       iris              10     472              3   0.6693049493711261           0.0   0.6693049493711261                 29.5475
        AGG-UN       iris              20       1              3   0.6693049493711261           0.0   0.6693049493711261                 27.7366
        AGG-SF       iris              20       1              3   0.6693049493711261           0.0   0.6693049493711261                 30.7933
        AGG-UN       iris              20     112              3   0.6693049493711261           0.0   0.6693049493711261                 27.1863
        AGG-SF       iris              20     112              3   0.6693049493711261           0.0   0.6693049493711261                 29.6605
        AGG-UN       iris              20     241              3   0.6693049493711261           0.0   0.6693049493711261                 27.6508
        AGG-SF       iris              20     241              3   0.6693049493711261           0.0   0.6693049493711261                 31.3331
        AGG-UN       iris              20      27              3   0.6693049493711261           0.0   0.6693049493711261                 27.7836
        AGG-SF       iris              20      27              3   0.6693049493711261           0.0   0.6693049493711261                 30.0764
        AGG-UN       iris              20     472              3   0.6693049493711261           0.0   0.6693049493711261                 26.6660
        AGG-SF       iris              20     472              3   0.6693049493711261           0.0   0.6693049493711261                 30.3324
        AGG-UN       rand              10       1              3   0.7155992315238897           0.0   0.7155992315238897                 26.7371
        AGG-SF       rand              10       1              3   0.7155992315238897           0.0   0.7155992315238897                 28.5928
        AGG-UN       rand              10     112              3   0.7155992315238897           0.0   0.7155992315238897                 25.5258
        AGG-SF       rand              10     112              3   0.7155992315238897           0.0   0.7155992315238897                 29.3260
        AGG-UN       rand              10     241              3   0.7155992315238897           0.0   0.7155992315238897                 29.0782
        AGG-SF       rand              10     241              3   0.7155992315238897           0.0   0.7155992315238897                 29.8036
        AGG-UN       rand              10      27              3   0.7155992315238897           0.0   0.7155992315238897                 27.3353
        AGG-SF       rand              10      27              3   0.7155992315238897           0.0   0.7155992315238897                 30.3488
        AGG-UN       rand              10     472              3   0.7155992315238897           0.0   0.7155992315238897                 27.4145
        AGG-SF       rand              10     472              3   0.7155992315238897           0.0   0.7155992315238897                 31.7049
        AGG-UN       rand              20       1              3   0.7155992315238897           0.0   0.7155992315238897                 29.6062
        AGG-SF       rand              20       1              3   0.7155992315238897           0.0   0.7155992315238897                 30.7579
        AGG-UN       rand              20     112              3   0.7155992315238897           0.0   0.7155992315238897                 26.2390
        AGG-SF       rand              20     112              3   0.7155992315238897           0.0   0.7155992315238897                 29.2560
        AGG-UN       rand              20     241              3   0.7155992315238897           0.0   0.7155992315238897                 27.0578
        AGG-SF       rand              20     241              3   0.7155992315238897           0.0   0.7155992315238897                 28.9683
        AGG-UN       rand              20      27              3   0.7155992315238897           0.0   0.7155992315238897                 26.5301
        AGG-SF       rand              20      27              3   0.7155992315238897           0.0   0.7155992315238897                 28.1890
        AGG-UN       rand              20     472              3   0.7155992315238897           0.0   0.7155992315238897                 27.4146
        AGG-SF       rand              20     472              3   0.7155992315238897           0.0   0.7155992315238897                 29.1029
        AGG-UN      ecoli              10       1              8    21.30642966928693         176.0   26.028533436166818                 48.2237
        AGG-SF      ecoli              10       1              8   23.967641078835946         134.0    27.56287917407404                 51.8983
        AGG-UN      ecoli              10     112              8   21.827659885884877         141.0   25.610708926396605                 52.4731
        AGG-SF      ecoli              10     112              8   24.245404024849677         234.0     30.5236556239968                 55.2268
        AGG-UN      ecoli              10     241              8   21.807785084171606          95.0    24.35664791288518                 52.2524
        AGG-SF      ecoli              10     241              8   22.150958777404004          57.0   23.680276474632148                 55.0723
        AGG-UN      ecoli              10      27              8   19.627436607616275         151.0   23.678786998518905                 53.4466
        AGG-SF      ecoli              10      27              8    22.53643991017489          97.0    25.13896300896665                 55.7135
        AGG-UN      ecoli              10     472              8    21.37960007567799         105.0   24.196764254782465                 48.9078
        AGG-SF      ecoli              10     472              8    27.09873678270365         230.0   33.269667841694414                 53.0115
        AGG-UN      ecoli              20       1              8    21.88724531708506         164.0    24.08731639029046                 53.7236
        AGG-SF      ecoli              20       1              8   21.447148249895676         204.0   24.183822023882882                 60.6020
        AGG-UN      ecoli              20     112              8   24.142095716321297         209.0   26.945844827906228                 56.7791
        AGG-SF      ecoli              20     112              8    25.45704219605543         475.0   31.829199267839368                 59.1981
        AGG-UN      ecoli              20     241              8    21.86321320211902         352.0   26.585316968998907                 56.7544
        AGG-SF      ecoli              20     241              8    25.18775164184043         457.0    31.31843749827255                 55.9616
        AGG-UN      ecoli              20      27              8   25.098917915452382         173.0    27.41972459633369                 53.8915
        AGG-SF      ecoli              20      27              8   20.094227044277112         308.0   24.226067840297013                 54.1857
        AGG-UN      ecoli              20     472              8   21.706724313018114         250.0   25.060491192904397                 51.8348
        AGG-SF      ecoli              20     472              8   26.506960423905852         227.0   29.552180750842595                 54.8179
        AGG-UN newthyroid              10       1              3   10.734480369144938          95.0    14.24534993436233                 27.4707
        AGG-SF newthyroid              10       1              3   13.834982364359718           6.0     14.0567214947945                 31.7359
        AGG-UN newthyroid              10     112              3   13.834982364359718           6.0     14.0567214947945                 27.9428
        AGG-SF newthyroid              10     112              3   13.834982364359716           6.0   14.056721494794498                 31.0533
        AGG-UN newthyroid              10     241              3   13.834982364359716           6.0   14.056721494794498                 28.0420
        AGG-SF newthyroid              10     241              3   13.834982364359716           6.0   14.056721494794498                 31.3651
        AGG-UN newthyroid              10      27              3   13.834982364359716           6.0   14.056721494794498                 27.9921
        AGG-SF newthyroid              10      27              3   13.834982364359718           6.0     14.0567214947945                 30.9754
        AGG-UN newthyroid              10     472              3   13.834982364359718           6.0     14.0567214947945                 29.8609
        AGG-SF newthyroid              10     472              3    10.81574531175799         105.0   14.696180094366685                 31.0007
        AGG-UN newthyroid              20       1              3   14.287070556514761           0.0   14.287070556514761                 29.7059
        AGG-SF newthyroid              20       1              3   10.886442401267823         233.0   15.190941423219574                 33.0093
        AGG-UN newthyroid              20     112              3   14.287070556514763           0.0   14.287070556514763                 28.8907
        AGG-SF newthyroid              20     112              3   14.287070556514763           0.0   14.287070556514763                 31.1636
        AGG-UN newthyroid              20     241              3   14.287070556514761           0.0   14.287070556514761                 28.8539
        AGG-SF newthyroid              20     241              3    10.81533659309185         262.0   15.655588712196392                 31.3267
        AGG-UN newthyroid              20      27              3   14.287070556514761           0.0   14.287070556514761                 28.7225
        AGG-SF newthyroid              20      27              3   14.287070556514763           0.0   14.287070556514763                 32.4039
        AGG-UN newthyroid              20     472              3   10.895306083824044         235.0   15.236753595234607                 30.8342
        AGG-SF newthyroid              20     472              3   14.287070556514761           0.0   14.287070556514761                 31.2086
