     Algoritmo    Dataset % Restricciones Semilla   N° clústeres   Desviación general Infeasibility     Función objetivo Tiempo de ejecución (s)
        AGE-UN       iris              10       1              3   0.6693049493711261           0.0   0.6693049493711261                 36.5475
        AGE-SF       iris              10       1              3   0.6693049493711261           0.0   0.6693049493711261                 39.9933
        AGE-UN       iris              10     112              3   0.6693049493711261           0.0   0.6693049493711261                 37.0933
        AGE-SF       iris              10     112              3   0.6693049493711261           0.0   0.6693049493711261                 40.3560
        AGE-UN       iris              10     241              3   0.6693049493711261           0.0   0.6693049493711261                 36.0660
        AGE-SF       iris              10     241              3   0.6693049493711261           0.0   0.6693049493711261                 39.4688
        AGE-UN       iris              10      27              3   0.6693049493711261           0.0   0.6693049493711261                 36.0359
        AGE-SF       iris              10      27              3   0.6693049493711261           0.0   0.6693049493711261                 39.6101
        AGE-UN       iris              10     472              3   0.6693049493711261           0.0   0.6693049493711261                 36.2983
        AGE-SF       iris              10     472              3   0.6693049493711261           0.0   0.6693049493711261                 39.8627
        AGE-UN       iris              20       1              3   0.6693049493711261           0.0   0.6693049493711261                 36.4991
        AGE-SF       iris              20       1              3   0.6693049493711261           0.0   0.6693049493711261                 40.5745
        AGE-UN       iris              20     112              3   0.6693049493711261           0.0   0.6693049493711261                 37.5989
        AGE-SF       iris              20     112              3   0.6693049493711261           0.0   0.6693049493711261                 40.9212
        AGE-UN       iris              20     241              3   0.6693049493711261           0.0   0.6693049493711261                 36.8417
        AGE-SF       iris              20     241              3   0.6693049493711261           0.0   0.6693049493711261                 40.5481
        AGE-UN       iris              20      27              3   0.6693049493711261           0.0   0.6693049493711261                 36.6126
        AGE-SF       iris              20      27              3   0.6693049493711261           0.0   0.6693049493711261                 40.4402
        AGE-UN       iris              20     472              3   0.6693049493711261           0.0   0.6693049493711261                 36.7935
        AGE-SF       iris              20     472              3   0.6693049493711261           0.0   0.6693049493711261                 40.3117
        AGE-UN       rand              10       1              3   0.7155992315238897           0.0   0.7155992315238897                 36.2596
        AGE-SF       rand              10       1              3   0.7155992315238897           0.0   0.7155992315238897                 39.4286
        AGE-UN       rand              10     112              3   0.7155992315238897           0.0   0.7155992315238897                 35.5717
        AGE-SF       rand              10     112              3   0.7155992315238897           0.0   0.7155992315238897                 40.2121
        AGE-UN       rand              10     241              3   0.7155992315238897           0.0   0.7155992315238897                 35.9463
        AGE-SF       rand              10     241              3   0.7155992315238897           0.0   0.7155992315238897                 40.0011
        AGE-UN       rand              10      27              3   0.7155992315238897           0.0   0.7155992315238897                 37.1766
        AGE-SF       rand              10      27              3   0.7155992315238897           0.0   0.7155992315238897                 39.9619
        AGE-UN       rand              10     472              3   0.7155992315238897           0.0   0.7155992315238897                 36.2106
        AGE-SF       rand              10     472              3   0.7155992315238897           0.0   0.7155992315238897                 40.4062
        AGE-UN       rand              20       1              3   0.7155992315238897           0.0   0.7155992315238897                 37.0659
        AGE-SF       rand              20       1              3   0.7155992315238897           0.0   0.7155992315238897                 40.4492
        AGE-UN       rand              20     112              3   0.7155992315238897           0.0   0.7155992315238897                 37.0653
        AGE-SF       rand              20     112              3   0.7155992315238897           0.0   0.7155992315238897                 41.0772
        AGE-UN       rand              20     241              3   0.7155992315238897           0.0   0.7155992315238897                 36.3815
        AGE-SF       rand              20     241              3   0.7155992315238897           0.0   0.7155992315238897                 40.2693
        AGE-UN       rand              20      27              3   0.7155992315238897           0.0   0.7155992315238897                 36.9933
        AGE-SF       rand              20      27              3   0.7155992315238897           0.0   0.7155992315238897                 42.2011
        AGE-UN       rand              20     472              3   0.7155992315238897           0.0   0.7155992315238897                 37.0236
        AGE-SF       rand              20     472              3   0.7155992315238897           0.0   0.7155992315238897                 39.7159
        AGE-UN      ecoli              10       1              8    21.41493766195236          88.0   23.775989545392306                 60.2293
        AGE-SF      ecoli              10       1              8   21.971081332941093          63.0    23.66137984040378                 64.8887
        AGE-UN      ecoli              10     112              8   21.992238922258156          76.0   24.031329185229016                 59.3925
        AGE-SF      ecoli              10     112              8   19.594976291479938         121.0    22.84142263120986                 64.9409
        AGE-UN      ecoli              10     241              8    22.18328525928542          68.0    24.00773444194356                 61.0637
        AGE-SF      ecoli              10     241              8   22.138915390210567          63.0   23.829213897673252                 67.2478
        AGE-UN      ecoli              10      27              8    21.47952435722371          97.0   24.082047456015466                 60.2652
        AGE-SF      ecoli              10      27              8   22.345375451523342          55.0   23.821032878673307                 64.0493
        AGE-UN      ecoli              10     472              8    21.20301840680728         117.0   24.342144206380844                 60.0301
        AGE-SF      ecoli              10     472              8    21.36397892647126         114.0   24.422614320927547                 64.3617
        AGE-UN      ecoli              20       1              8   21.943959148303467         166.0    24.17086035654796                 61.7295
        AGE-SF      ecoli              20       1              8   21.936726096340035         134.0   23.734345143959082                 66.8659
        AGE-UN      ecoli              20     112              8   21.924971966738898         170.0    24.20553344506157                 64.1653
        AGE-SF      ecoli              20     112              8   21.829652941752958         145.0      23.774837732087                 65.9862
        AGE-UN      ecoli              20     241              8   21.756584959734436         158.0   23.876165627822566                 61.6066
        AGE-SF      ecoli              20     241              8   21.929599473409553         165.0     24.1430856141345                 65.4768
        AGE-UN      ecoli              20      27              8   22.410011219074917         164.0   24.610082292280318                 61.2875
        AGE-SF      ecoli              20      27              8    21.45003777886043         256.0   24.884295063863984                 65.8473
        AGE-UN      ecoli              20     472              8    21.89522293798951         139.0    23.75991732320628                 61.1079
        AGE-SF      ecoli              20     472              8    21.97589901514699         146.0   23.934498873000578                 67.2511
        AGE-UN newthyroid              10       1              3   10.895306083824044          99.0   14.554001735997957                 38.7799
        AGE-SF newthyroid              10       1              3   10.870556121849784          98.0   14.492295252284567                 42.5343
        AGE-UN newthyroid              10     112              3     10.8189377533239         108.0   14.810242101149987                 38.3558
        AGE-SF newthyroid              10     112              3   13.834982364359716           6.0   14.056721494794498                 42.1526
        AGE-UN newthyroid              10     241              3   13.834982364359716           6.0   14.056721494794498                 38.5201
        AGE-SF newthyroid              10     241              3   10.802488557001531         108.0   14.793792904827619                 42.0810
        AGE-UN newthyroid              10      27              3   10.873519998842271          96.0   14.421346085798792                 38.6862
        AGE-SF newthyroid              10      27              3   13.834982364359716           6.0   14.056721494794498                 42.3995
        AGE-UN newthyroid              10     472              3   13.834982364359718           6.0     14.0567214947945                 38.1064
        AGE-SF newthyroid              10     472              3   13.834982364359716           6.0   14.056721494794498                 42.1080
        AGE-UN newthyroid              20       1              3   10.873519998842271         231.0   15.141070531335206                 39.0706
        AGE-SF newthyroid              20       1              3   14.287070556514763           0.0   14.287070556514763                 43.7087
        AGE-UN newthyroid              20     112              3     10.8189377533239         268.0   15.770035340804881                 38.6446
        AGE-SF newthyroid              20     112              3   14.287070556514761           0.0   14.287070556514761                 42.9336
        AGE-UN newthyroid              20     241              3   14.287070556514761           0.0   14.287070556514761                 39.6138
        AGE-SF newthyroid              20     241              3   14.287070556514763           0.0   14.287070556514763                 43.7423
        AGE-UN newthyroid              20      27              3   10.895462136911602         239.0   15.310806627239792                 38.8007
        AGE-SF newthyroid              20      27              3   10.806049363447713         252.0   15.461559035258189                 42.7163
        AGE-UN newthyroid              20     472              3   14.287070556514761           0.0   14.287070556514761                 39.3199
        AGE-SF newthyroid              20     472              3   14.287070556514763           0.0   14.287070556514763                 43.4332
